Run,Seed,Iteration,Sus,Inf,cumInf,Rec,Iso,Vac,VacShare,ProbaLess1000
1.0,-1.0,1.0,8580.0,1420.0,1420.0,0.0,0.0,1000.0,0.1,NaN
1.0,-1.0,1.0,8683.0,1317.0,1317.0,0.0,0.0,1000.0,0.1,NaN
1.0,-1.0,1.0,8606.0,1394.0,1394.0,0.0,0.0,1000.0,0.1,NaN
1.0,-1.0,1.0,8621.0,1379.0,1379.0,0.0,0.0,1000.0,0.1,NaN
1.0,-1.0,1.0,8636.0,1364.0,1364.0,0.0,0.0,1000.0,0.1,NaN
1.0,-1.0,1.0,8629.0,1371.0,1371.0,0.0,0.0,1000.0,0.1,NaN
1.0,-1.0,1.0,8602.0,1398.0,1398.0,0.0,0.0,1000.0,0.1,NaN
1.0,-1.0,1.0,8602.0,1398.0,1398.0,0.0,0.0,1000.0,0.1,NaN
1.0,-1.0,1.0,8581.0,1419.0,1419.0,0.0,0.0,1000.0,0.1,NaN
1.0,-1.0,1.0,8600.0,1400.0,1400.0,0.0,0.0,1000.0,0.1,NaN
1.0,-1.0,1.0,8566.0,1434.0,1434.0,0.0,0.0,1000.0,0.1,NaN
1.0,-1.0,1.0,8633.0,1367.0,1367.0,0.0,0.0,1000.0,0.1,NaN
1.0,-1.0,1.0,8592.0,1408.0,1408.0,0.0,0.0,1000.0,0.1,NaN
1.0,-1.0,1.0,8584.0,1416.0,1416.0,0.0,0.0,1000.0,0.1,NaN
1.0,-1.0,1.0,8654.0,1346.0,1346.0,0.0,0.0,1000.0,0.1,NaN
1.0,-1.0,1.0,8606.0,1394.0,1394.0,0.0,0.0,1000.0,0.1,NaN
1.0,-1.0,1.0,8584.0,1416.0,1416.0,0.0,0.0,1000.0,0.1,NaN
1.0,-1.0,1.0,8583.0,1417.0,1417.0,0.0,0.0,1000.0,0.1,NaN
1.0,-1.0,1.0,8614.0,1386.0,1386.0,0.0,0.0,1000.0,0.1,NaN
1.0,-1.0,1.0,8639.0,1361.0,1361.0,0.0,0.0,1000.0,0.1,NaN
1.0,-1.0,1.0,8574.0,1426.0,1426.0,0.0,0.0,1000.0,0.1,NaN
1.0,-1.0,1.0,8594.0,1406.0,1406.0,0.0,0.0,1000.0,0.1,NaN
1.0,-1.0,1.0,8638.0,1362.0,1362.0,0.0,0.0,1000.0,0.1,NaN
1.0,-1.0,1.0,8612.0,1388.0,1388.0,0.0,0.0,1000.0,0.1,NaN
1.0,-1.0,1.0,8639.0,1361.0,1361.0,0.0,0.0,1000.0,0.1,NaN
1.0,-1.0,1.0,8623.0,1377.0,1377.0,0.0,0.0,1000.0,0.1,NaN
1.0,-1.0,1.0,8575.0,1425.0,1425.0,0.0,0.0,1000.0,0.1,NaN
1.0,-1.0,1.0,8555.0,1445.0,1445.0,0.0,0.0,1000.0,0.1,NaN
1.0,-1.0,1.0,8574.0,1426.0,1426.0,0.0,0.0,1000.0,0.1,NaN
1.0,-1.0,1.0,8612.0,1388.0,1388.0,0.0,0.0,1000.0,0.1,NaN
