Run,Seed,Iteration,Sus,Inf,cumInf,Rec,Iso,Vac,VacShare,ProbaLess1000
1.0,1.0,1.0,8580.0,1420.0,1420.0,0.0,0.0,1000.0,0.1,NaN
1.0,2.0,1.0,8683.0,1317.0,1317.0,0.0,0.0,1000.0,0.1,0.0
1.0,3.0,1.0,8606.0,1394.0,1394.0,0.0,0.0,1000.0,0.1,0.0
1.0,4.0,1.0,8621.0,1379.0,1379.0,0.0,0.0,1000.0,0.1,0.0
1.0,5.0,1.0,8636.0,1364.0,1364.0,0.0,0.0,1000.0,0.1,0.0
1.0,6.0,1.0,8629.0,1371.0,1371.0,0.0,0.0,1000.0,0.1,0.0
1.0,7.0,1.0,8602.0,1398.0,1398.0,0.0,0.0,1000.0,0.1,0.0
1.0,8.0,1.0,8602.0,1398.0,1398.0,0.0,0.0,1000.0,0.1,0.0
1.0,9.0,1.0,8581.0,1419.0,1419.0,0.0,0.0,1000.0,0.1,0.0
1.0,10.0,1.0,8600.0,1400.0,1400.0,0.0,0.0,1000.0,0.1,0.0
1.0,11.0,1.0,8566.0,1434.0,1434.0,0.0,0.0,1000.0,0.1,0.0
1.0,12.0,1.0,8633.0,1367.0,1367.0,0.0,0.0,1000.0,0.1,0.0
1.0,13.0,1.0,8592.0,1408.0,1408.0,0.0,0.0,1000.0,0.1,0.0
1.0,14.0,1.0,8584.0,1416.0,1416.0,0.0,0.0,1000.0,0.1,0.0
1.0,15.0,1.0,8654.0,1346.0,1346.0,0.0,0.0,1000.0,0.1,0.0
1.0,16.0,1.0,8606.0,1394.0,1394.0,0.0,0.0,1000.0,0.1,0.0
1.0,17.0,1.0,8584.0,1416.0,1416.0,0.0,0.0,1000.0,0.1,0.0
1.0,18.0,1.0,8583.0,1417.0,1417.0,0.0,0.0,1000.0,0.1,0.0
1.0,19.0,1.0,8614.0,1386.0,1386.0,0.0,0.0,1000.0,0.1,0.0
1.0,20.0,1.0,8639.0,1361.0,1361.0,0.0,0.0,1000.0,0.1,0.0
1.0,21.0,1.0,8574.0,1426.0,1426.0,0.0,0.0,1000.0,0.1,0.0
1.0,22.0,1.0,8594.0,1406.0,1406.0,0.0,0.0,1000.0,0.1,0.0
1.0,23.0,1.0,8638.0,1362.0,1362.0,0.0,0.0,1000.0,0.1,0.0
1.0,24.0,1.0,8612.0,1388.0,1388.0,0.0,0.0,1000.0,0.1,0.0
1.0,25.0,1.0,8639.0,1361.0,1361.0,0.0,0.0,1000.0,0.1,0.0
1.0,26.0,1.0,8623.0,1377.0,1377.0,0.0,0.0,1000.0,0.1,0.0
1.0,27.0,1.0,8575.0,1425.0,1425.0,0.0,0.0,1000.0,0.1,0.0
1.0,28.0,1.0,8555.0,1445.0,1445.0,0.0,0.0,1000.0,0.1,0.0
1.0,29.0,1.0,8574.0,1426.0,1426.0,0.0,0.0,1000.0,0.1,0.0
1.0,30.0,1.0,8612.0,1388.0,1388.0,0.0,0.0,1000.0,0.1,0.0
2.0,1.0,1.0,9047.0,953.0,953.0,0.0,0.0,5500.0,0.55,NaN
2.0,1.0,2.0,8411.0,1589.0,1589.0,0.0,0.0,5500.0,0.55,NaN
2.0,2.0,1.0,9051.0,949.0,949.0,0.0,0.0,5500.0,0.55,0.0
2.0,2.0,2.0,8435.0,1565.0,1565.0,0.0,0.0,5500.0,0.55,0.0
2.0,3.0,1.0,9059.0,941.0,941.0,0.0,0.0,5500.0,0.55,0.0
2.0,3.0,2.0,8408.0,1592.0,1592.0,0.0,0.0,5500.0,0.55,0.0
2.0,4.0,1.0,9045.0,955.0,955.0,0.0,0.0,5500.0,0.55,0.0
2.0,4.0,2.0,8408.0,1592.0,1592.0,0.0,0.0,5500.0,0.55,0.0
